x1,x2,y1,y2,y3,y4
1,0.8491,0.5106,0.2497,0.5285,0.3019
0.8491,1,0.8062,0.5438,0.7887,0.6064
0.5106,0.8062,1,0.7833,0.9284,0.8364
0.2497,0.5438,0.7833,1,0.6457,0.9051
0.5285,0.7887,0.9284,0.6457,1,0.7097
0.3019,0.6064,0.8364,0.9051,0.7097,1
